9 4 7 6 1 11 12 5 13 16 15 8 10 3 2 14
5 14 8 10 16 6 2 7 4 1 12 3 13 11 9 15
11 3 12 1 8 10 13 15 9 14 5 2 4 7 16 6
13 2 16 15 14 3 4 9 7 6 11 10 8 1 12 5
15 9 6 7 10 13 14 12 11 5 8 1 3 2 4 16
1 16 14 2 11 5 15 3 10 4 6 12 7 8 13 9
12 13 10 4 6 7 8 2 16 3 14 9 5 15 1 11
8 11 3 5 4 1 9 16 2 13 7 15 14 6 10 12
2 12 9 11 3 15 1 14 6 10 13 5 16 4 7 8
4 1 13 8 9 12 5 6 3 7 2 16 15 14 11 10
6 10 5 14 2 16 7 11 8 15 9 4 12 13 3 1
16 7 15 3 13 4 10 8 12 11 1 14 6 9 5 2
10 15 11 16 12 9 3 13 1 8 4 6 2 5 14 7
14 6 4 13 7 8 16 1 5 2 10 11 9 12 15 3
3 8 2 12 5 14 11 4 15 9 16 7 1 10 6 13
7 5 1 9 15 2 6 10 14 12 3 13 11 16 8 4
