15 9 1 16 23 22 14 19 8 18 4 21 11 3 20 2 13 12 5 24 6 10 25 7 17
13 7 10 6 11 5 12 1 4 17 14 19 24 9 18 3 22 15 16 25 21 8 23 20 2
18 14 19 24 3 21 13 16 10 7 25 6 5 2 12 8 23 9 17 20 4 1 15 11 22
20 12 4 21 8 2 6 25 9 23 15 16 22 7 17 10 11 14 1 18 13 3 19 24 5
17 2 22 5 25 24 15 3 11 20 13 8 10 1 23 7 6 4 21 19 16 9 12 14 18
23 18 11 15 13 17 16 8 14 1 5 12 6 19 22 4 7 25 24 10 2 21 20 9 3
12 5 2 8 21 6 23 9 25 24 3 7 18 4 10 20 15 13 14 22 19 11 16 17 1
1 3 7 20 24 4 11 21 5 12 2 14 16 15 25 18 9 8 19 17 22 23 10 6 13
16 17 9 4 22 10 20 7 18 19 23 24 8 13 11 1 3 21 2 6 12 5 14 25 15
14 10 25 19 6 13 22 2 3 15 1 17 20 21 9 11 12 16 23 5 7 24 8 18 4
9 8 16 14 4 23 25 24 17 10 18 13 12 20 6 22 19 5 11 7 15 2 3 1 21
2 11 13 25 19 7 21 6 15 16 22 5 1 17 8 9 18 3 20 23 10 12 24 4 14
6 22 21 7 12 1 3 13 19 5 16 11 15 25 2 14 4 24 10 8 18 20 17 23 9
24 15 5 1 10 20 8 18 22 9 7 3 23 14 4 21 2 17 12 16 25 19 11 13 6
3 23 17 18 20 14 2 4 12 11 10 9 19 24 21 15 1 6 25 13 5 16 7 22 8
11 19 24 17 2 18 4 20 16 8 21 10 9 22 5 6 25 23 15 3 14 13 1 12 7
5 16 12 22 9 3 7 23 6 21 8 25 17 11 13 24 10 1 4 14 20 18 2 15 19
10 6 18 13 15 19 17 22 2 25 24 1 7 23 14 12 5 20 8 21 3 4 9 16 11
7 25 8 23 14 15 9 12 1 13 6 20 4 16 3 19 17 11 18 2 24 22 21 5 10
21 4 20 3 1 11 10 5 24 14 12 15 2 18 19 13 16 22 7 9 17 25 6 8 23
4 20 23 11 18 16 24 10 21 3 17 2 13 8 15 25 14 7 22 1 9 6 5 19 12
8 21 6 9 5 12 19 17 7 2 11 23 14 10 24 16 20 18 13 4 1 15 22 3 25
19 24 14 2 7 9 18 15 13 6 20 22 25 12 1 5 8 10 3 11 23 17 4 21 16
22 1 3 12 16 25 5 11 23 4 19 18 21 6 7 17 24 2 9 15 8 14 13 10 20
25 13 15 10 17 8 1 14 20 22 9 4 3 5 16 23 21 19 6 12 11 7 18 2 24
